[4.jpg]
filters=finetune2=1,0.239766,0.101053,0.070175,00000000,0.000000;
moddate=2aee0dff2832d901
width=1920
height=1200
textactive=0
[16.jpg]
filters=finetune2=1,0.000000,0.174035,0.000000,00000000,0.000000;
moddate=0f510f122f32d901
width=1920
height=1200
textactive=0
[27.jpg]
filters=finetune2=1,0.192982,0.019649,0.106667,00000000,0.000000;
moddate=c92709153632d901
width=1920
height=1200
textactive=0
