[p1.jpg]
filters=finetune2=1,0.000000,0.070175,0.000000,00000000,0.000000;
moddate=4c9c7fd47f35d901
width=1920
height=1200
textactive=0
[p2.jpg]
filters=finetune2=1,0.000000,0.112281,0.000000,00000000,0.000000;
moddate=a509a9d77f35d901
width=1920
height=1200
textactive=0
[p3.jpg]
filters=finetune2=1,0.000000,0.148772,0.000000,00000000,0.000000;
moddate=5edb6fda7f35d901
width=1920
height=1200
textactive=0
